spawn 60 15 0

vertex 0,100 0
vertex 30,35,65,70 40
vertex 30,35,65,70 45
vertex 30,35,65,70 50
vertex 30,35,65,70 55
vertex 30,35,65,70 60
vertex 30,35,65,70 65
vertex 30,35,65,70 70
vertex 30,35,65,70 75
vertex 30,35,65,70 80
vertex 0,100 110

sector 0 30 0,2,3,4,5,1 1,x,4,x,2,x
sector 0 30 0,38,34,2 x,3,x,0
sector 0 30 5,37,39,1 x,3,x,0
sector 0 30 38,39,37,34 x,2,x,1
sector 3 32 3,7,8,4 x,5,x,0
sector 6 34 7,11,12,8 x,6,x,4
sector 9 36 11,15,16,12 x,7,x,5
sector 12 38 15,19,20,16 x,8,x,6
sector 15 40 19,23,24,20 x,9,x,7
sector 18 42 23,27,28,24 x,10,x,8
sector 21 44 27,31,32,28 x,11,x,9
sector 24 46 31,35,36,32 x,12,x,10
sector 27 48 38,39,37,36,35,34 x,14,x,11,x,13
sector 27 48 0,38,34,2 x,12,16,15
sector 27 48 5,37,39,1 16,12,x,15
sector 27 48 0,2,5,1 13,16,14,x
sector 20 60:- 2,34,37,5 13,12,14,15
